4.117
4.0225
3.928
3.928
3.928
3.928
3.928
3.928
3.928
3.928
3.955
3.955
3.742
3.742
3.742
3.742
3.5905
3.5905
3.5905
3.5905
3.496
3.496
3.4155
3.4155
3.4155
3.4155
3.4155
3.4155
3.6035
3.6035
3.6035
3.655
3.655
3.655
3.6625
3.6625
3.6625
3.6625
3.6625
3.67
3.5645
3.5645
3.8085
3.8085
3.8085
3.8085
3.8085
4.0825
4.0825
3.8285
3.8285
3.8285
3.65
3.65
3.65
3.65
3.65
3.537
3.649
3.717
3.717
3.717
3.717
3.717
3.874
3.7445
3.7445
3.615
3.615
3.615
3.536
3.536
3.536
3.536
3.536
3.536
3.536
3.62
3.734
3.734
3.734
3.764
3.764
3.764
3.764
3.764
3.666
3.666
3.666
3.7895
3.7895
3.8445
3.8975
3.8975
3.8975
3.8975
3.8975
4.117
4.117
4.117
3.8975
3.928
3.928
3.928
3.928
3.928
3.928
3.928
3.928
3.928
4.0335
3.955
3.955
3.742
3.5905
3.5905
3.5905
3.5905
3.5905
3.5905
3.3735
3.3735
3.3735
3.4155
3.4155
3.4155
3.4155
3.4155
3.6035
3.6035
3.655
3.655
3.655
3.655
3.655
3.6625
3.6625
3.6625
3.6625
3.6625
3.8085
3.8085
3.8085
3.8085
3.8085
3.8085
3.8085
4.0825
4.0825
3.8285
3.8285
3.8285
3.65
3.65
3.65
3.65
3.65
3.65
3.56
3.717
3.717
3.717
3.717
3.717
3.5875
3.7445
3.615
3.615
3.615
3.615
3.615
3.5755
3.536
3.536
3.536
3.536
3.62
3.704
3.734
3.734
3.734
3.764
3.764
3.764
3.764
3.764
3.666
3.666
3.666
3.666
3.7895
3.678
3.678
3.678
3.678
3.678
3.678
3.678
3.678
3.8975
3.803
3.803
3.928
3.928
3.928
3.928
3.928
3.928
3.928
4.0335
4.0335
4.0335
4.139
4.139
3.5905
3.5905
3.5905
3.5905
3.468
3.468
3.3735
3.3735
3.3735
3.3735
3.4155
3.4155
3.4155
3.4155
3.6035
3.655
3.655
3.655
3.655
3.655
3.655
3.655
3.655
3.6625
3.6625
3.6625
4.158
4.158
4.158
4.158
4.158
4.158
4.158
4.0825
4.0825
4.0825
3.8285
3.8285
3.8285
3.65
3.65
3.65
3.65
3.56
3.56
3.56
3.56
3.56
3.717
3.717
3.5875
3.5875
3.615
3.615
3.615
3.615
3.615
3.615
3.5755
3.536
3.536
3.704
3.704
3.704
3.704
3.734
3.734
3.764
3.764
3.764
3.764
3.764
3.666
3.666
3.666
3.666
3.628
3.678
3.678
3.678
3.678
3.678
3.678
3.678
3.678
3.678
3.803
3.803
3.928
3.928
3.928
3.928
3.928
3.928
3.928
4.0335
4.0335
4.139
4.139
4.139
3.8035
3.468
3.468
3.468
3.468
3.468
3.468
3.3735
3.3735
3.3735
3.3735
3.3735
3.4155
3.4155
3.6035
3.655
3.655
3.655
3.655
3.655
3.655
3.655
3.655
3.655
3.6625
3.9065
4.158
4.158
4.158
4.158
4.158
4.158
4.158
4.0825
4.0825
4.0825
3.8285
3.8285
3.8285
3.8285
3.65
3.65
3.605
3.56
3.56
3.56
3.56
3.56
3.56
3.56
3.5875
3.5875
3.615
3.615
3.615
3.615
3.615
3.615
3.615
3.5755
3.704
3.704
3.704
3.704
3.704
3.734
3.734
3.764
3.764
3.764
3.764
3.764
3.666
3.666
3.628
3.628
3.628
3.678
3.678
3.678
3.678
3.678
3.678
3.678
3.678
3.678
3.803
3.803
3.928
3.928
3.928
3.928
3.928
3.928
4.0335
4.0335
4.139
4.139
4.139
4.139
3.8035
3.468
3.468
3.468
3.468
3.468
3.468
3.3735
3.3735
3.3735
3.3735
3.3735
3.3735
3.4155
3.655
3.655
3.655
3.655
3.655
3.655
3.655
3.655
3.655
3.655
3.655
3.9065
4.158
4.158
4.158
4.158
4.158
4.158
4.158
4.0825
3.9705
3.9705
3.9705
3.9705
3.8285
3.8285
3.8285
3.605
3.605
3.56
3.56
3.56
3.56
3.56
3.56
3.56
3.5875
3.5875
3.615
3.615
3.615
3.615
3.615
3.615
3.7525
3.7525
3.704
3.704
3.704
3.704
3.704
3.704
3.734
3.764
3.764
3.764
3.764
3.764
3.628
3.628
3.628
3.628
3.628
3.623
3.678
3.678
3.678
3.678
3.678
3.678
3.678
3.678
3.803
3.803
3.803
3.928
3.928
3.928
3.928
3.928
4.0335
4.139
4.139
4.139
4.139
4.139
4.139
3.468
3.468
3.468
3.468
3.468
3.468
3.468
3.3735
3.3735
3.3735
3.3735
3.434
3.556
3.744
3.655
3.655
3.655
3.655
3.655
3.655
3.655
3.655
3.655
3.655
3.9065
4.158
4.158
4.158
4.158
4.158
4.158
4.158
3.9705
3.9705
3.9705
3.9705
3.9705
3.9705
3.8285
3.8285
3.605
3.56
3.56
3.56
3.56
3.56
3.56
3.56
3.56
3.68
3.68
3.615
3.615
3.615
3.615
3.7525
3.7525
3.7525
3.797
3.797
3.704
3.704
3.704
3.704
3.704
3.734
3.764
3.764
3.764
3.726
3.726
3.628
3.628
3.628
3.628
3.628
3.623
3.678
3.678
3.678
3.678
3.678
3.678
3.678
3.678
3.6715
3.803
3.803
3.928
3.928
3.928
3.928
4.0335
4.139
4.139
4.139
4.139
4.139
4.139
4.139
3.468
3.468
3.468
3.468
3.468
3.468
3.468
3.3735
3.3735
3.434
3.434
3.434
3.556
3.744
3.744
3.6675
3.655
3.655
3.655
3.655
3.655
3.655
3.655
3.655
3.9065
4.158
4.158
4.158
4.158
4.158
4.158
4.046
3.9705
3.9705
3.9705
3.9705
3.9705
3.9705
3.9705
3.605
4.28
4.28
3.56
3.56
3.56
3.56
3.56
3.56
3.68
3.5992
3.5992
3.5992
3.7075
3.615
3.7525
3.7525
3.7525
3.7525
3.797
3.797
3.704
3.704
3.704
3.704
3.704
3.704
3.734
3.726
3.726
3.726
3.726
3.726
3.628
3.628
3.628
3.628
3.623
3.6715
3.6715
3.6715
3.6715
3.6715
3.6715
3.6715
3.6715
3.6715
3.6715
3.803
3.999
3.999
3.999
3.999
4.1045
4.139
4.139
4.139
4.139
4.139
4.139
4.074
4.074
3.7385
3.468
3.468
3.468
3.468
3.468
3.5285
3.589
3.589
3.589
3.589
3.711
3.744
3.744
3.6675
3.6675
3.6675
3.6675
3.6675
3.6675
3.655
3.655
3.655
3.9065
3.85045
3.85045
3.85045
3.85045
3.85045
4.046
4.046
4.046
3.9705
3.9705
3.9705
3.9705
3.9705
3.9705
4.28
4.28
4.28
4.28
4.28
4.28
3.56
3.56
3.5992
3.5992
3.5992
3.5992
3.5992
3.5992
3.7525
3.7525
3.7525
3.7525
3.797
3.797
3.797
3.797
3.704
3.704
3.704
3.704
3.704
3.696
3.726
3.726
3.726
3.726
3.726
3.5135
3.5135
3.5135
3.5135
3.5085
3.6715
3.6715
3.6715
3.6715
3.6715
3.6715
3.6715
3.6715
3.6715
3.6715
3.803
3.999
3.999
3.999
4.1045
4.1045
4.1045
4.1045
4.139
4.139
4.139
4.074
4.074
4.074
3.7385
3.7385
3.7385
3.468
3.468
3.589
3.589
3.589
3.589
3.589
3.589
3.711
3.711
3.744
3.6675
3.6675
3.6675
3.6675
3.6675
3.6675
3.6675
3.6675
3.6675
3.919
3.85045
3.85045
3.85045
3.85045
3.85045
3.85045
4.046
4.046
3.9705
3.9705
3.9705
3.9705
3.68545
3.68545
3.46195
4.28
4.28
4.28
4.28
4.28
4.28
4.4
3.5992
3.5992
3.5992
3.5992
3.5992
3.5992
3.6442
3.6442
3.7525
3.7525
3.797
3.797
3.797
3.797
3.704
3.704
3.704
3.675
3.675
3.667
3.549
3.549
3.549
3.549
3.549
3.5135
3.5135
3.5135
3.5135
3.5135
3.665
3.665
3.665
3.6715
3.6715
3.6715
3.6715
3.6715
3.665
3.665
3.665
3.999
3.999
4.1045
4.1045
4.1045
4.1045
4.1045
4.1045
4.139
4.139
4.074
4.074
4.074
3.7385
3.7385
3.7385
3.7385
3.589
3.589
3.589
3.589
3.589
3.589
3.711
3.711
3.711
3.833
3.833
3.6675
3.6675
3.6675
3.6675
3.6675
3.8505
3.8505
3.8505
3.8505
3.85045
3.85045
3.85045
3.85045
3.85045
3.85045
3.85045
4.467
4.467
4.467
4.467
3.68545
3.68545
3.68545
3.46195
4.28
4.28
4.28
4.28
4.4
4.4
4.4
3.5992
3.5992
3.5992
3.5992
3.5992
4.1992
4.1992
3.6442
3.6442
3.7525
3.797
3.797
3.797
3.797
3.797
3.675
3.675
3.675
3.667
3.667
3.549
3.549
3.549
3.549
3.549
3.5135
3.5135
3.5135
3.367
3.367
3.665
3.665
3.665
3.665
3.665
3.665
3.665
3.665
3.665
3.665
3.665
3.999
4.1045
4.1045
4.1045
4.1045
4.1045
4.1045
4.1045
4.1255
4.1255
4.074
4.074
4.074
4.074
3.7385
3.7385
3.799
3.589
3.589
3.589
3.589
3.589
3.589
3.711
3.711
3.833
3.833
3.833
3.7565
3.7565
3.8505
3.8505
3.8505
3.8505
3.8505
3.8505
3.8505
3.78195
3.85045
3.85045
4.27145
4.27145
4.27145
4.27145
4.27145
4.467
4.467
4.18195
4.18195
4.18195
4.18195
4.18195
5
5
5
5
5
4.4
4.4
3.5992
3.5992
3.5992
4.1992
4.1992
4.1992
4.1992
3.6442
3.6442
3.6442
3.797
3.797
3.797
3.797
3.675
3.675
3.675
3.646
3.646
3.646
3.549
3.549
3.549
3.549
3.549
3.367
3.367
3.367
3.367
3.367
3.665
3.665
3.665
3.665
3.665
3.665
3.665
3.665
3.665
3.665
3.665
4.0195
4.0195
4.0195
4.1045
4.1045
4.1045
4.1045
4.1045
4.1255
4.1255
4.1255
4.074
4.074
4.074
3.754
3.754
3.799
3.589
3.589
3.589
3.589
3.589
3.589
3.711
3.833
3.833
3.833
3.833
3.7565
3.7565
3.8505
3.8505
3.8505
3.8505
3.8505
3.8505
3.8505
3.78195
3.78195
4.27145
4.27145
4.27145
4.27145
4.27145
4.27145
5
5
4.18195
4.18195
4.18195
4.18195
4.18195
5
5
5
5
5
5
5
5
4.1992
4.1992
4.1992
4.1992
4.1992
4.1992
4.1992
3.6442
3.6442
3.797
3.797
3.797
3.797
3.675
3.646
3.646
3.646
3.646
3.646
3.646
3.528
3.4025
3.4025
3.4025
3.367
3.367
3.367
3.367
3.367
3.665
3.665
3.665
3.665
3.665
3.665
3.665
3.665
3.665
3.665
3.817
4.0195
4.0195
4.0195
4.0195
4.1045
4.1045
4.091
4.112
4.112
4.112
4.112
4.112
4.0605
3.754
3.754
3.754
3.754
3.589
3.589
3.589
3.589
3.589
3.711
3.833
3.833
3.833
3.833
3.833
3.7565
3.7565
3.8505
3.8505
3.8505
3.8505
3.8505
3.8505
3.94555
3.78195
3.78195
4.27145
4.27145
4.27145
4.27145
4.27145
5
5
5
4.18195
4.18195
4.18195
4.18195
4.18195
5
5
5
5
5
5
5
5
5
4.1992
4.1992
4.1992
4.1992
4.1992
4.1992
4.1992
5
4.445
3.797
3.797
3.768
3.646
3.646
3.646
3.646
3.646
3.646
3.646
3.528
3.4025
3.4025
3.4025
3.367
3.367
3.3315
3.3315
3.4665
3.4665
3.665
3.665
3.665
3.665
3.665
3.665
3.665
3.665
3.817
3.817
4.0195
4.0195
4.0195
4.0195
4.0195
4.091
4.112
4.112
4.112
4.112
4.112
4.112
4.112
3.754
3.754
3.754
3.544
3.544
3.589
3.589
3.589
3.589
3.833
3.833
3.833
3.833
3.833
3.833
3.833
3.8505
3.8505
3.8505
3.8505
3.8505
3.8505
3.94555
3.94555
3.94555
4.27145
4.27145
4.27145
4.27145
4.27145
5
5
5
5
5
4.18195
4.18195
4.18195
5
5
5
5
5
5
5
5
5
5
5
5
4.1992
4.1992
5
5
5
5
5
4.445
3.768
3.40255
3.646
3.646
3.646
3.646
3.646
3.646
3.646
3.528
3.4025
3.4025
3.4025
3.3315
3.3315
3.3315
3.4665
3.4665
3.4665
3.4665
3.665
3.665
3.665
3.665
3.665
3.665
3.817
3.817
3.817
3.817
4.0195
4.0195
4.0195
4.0195
4.112
4.112
4.112
4.112
4.112
4.112
4.112
4.112
3.8055
3.754
3.754
3.544
3.544
3.544
3.544
3.589
3.589
3.833
3.833
3.833
3.833
3.833
3.833
3.833
3.8505
3.8505
3.8505
3.8505
3.8505
3.94555
3.94555
3.94555
3.94555
4.43505
4.43505
4.27145
4.27145
5
5
5
5
5
5
5
5
5
5
5
5
5
5
5
5
5
5
5
5
5
5
5
5
5
5
5
5
5
3.40255
3.40255
3.40255
3.40255
3.646
3.646
3.646
3.646
3.646
3.528
3.4025
3.4025
3.3315
3.3315
3.3315
3.3315
3.4665
3.4665
3.4665
3.4665
3.665
3.665
3.665
3.665
3.665
3.817
3.817
3.817
3.817
3.817
4.0195
4.0195
4.0195
4.0195
4.0405
4.112
4.112
4.112
4.112
4.112
4.112
4.112
3.8055
3.8055
3.754
3.544
3.544
3.544
3.544
3.544
3.711
3.833
3.833
3.833
3.833
3.833
3.833
3.603
3.5265
3.8505
3.8505
3.8505
3.94555
3.94555
3.94555
3.94555
4.43505
4.43505
4.43505
4.43505
5
5
5
5
5
5
5
5
5
5
5
5
5
5
5
5
5
5
5
5
5
5
5
5
5
5
5
5
5
5
4.07955
3.40255
3.40255
3.40255
3.40255
3.646
3.646
3.646
3.646
3.528
3.4025
3.3315
3.3315
3.3315
3.3315
3.4665
3.4665
3.4665
3.665
3.665
3.665
3.665
3.665
3.665
3.665
3.817
3.817
3.817
3.817
3.817
4.0195
4.0195
4.0195
4.0405
4.0405
4.112
4.112
4.112
4.112
4.112
4.112
4.112
3.8055
3.8055
3.3985
3.3985
3.3985
3.3985
3.3985
3.3985
3.833
3.833
3.833
3.833
3.833
3.603
3.603
3.471
3.471
3.8505
3.94555
3.94555
3.94555
3.94555
3.94555
4.43505
4.43505
4.43505
4.43505
4.43505
5
5
5
5
5
5
5
5
5
5
5
5
5
5
5
5
5
5
5
5
5
5
5
5
5
5
5
5
5
5
4.07955
4.07955
4.07955
3.40255
3.40255
3.40255
3.646
3.646
3.646
3.528
3.3315
3.3315
3.3315
3.3315
3.3315
3.4665
3.4665
3.665
3.665
3.665
3.665
3.665
3.665
3.665
3.665
3.817
3.817
4.273
4.273
4.273
4.273
3.9705
3.9705
3.9705
3.9705
4.042
4.042
4.112
4.112
4.112
4.112
4.112
3.8055
3.3985
3.3985
3.3985
3.3985
3.3985
3.3985
3.3985
3.4335
3.569
3.701
3.471
3.471
3.471
3.471
3.471
3.471
3.471
3.94555
3.94555
3.94555
3.94555
3.87755
4.43505
4.43505
4.43505
4.43505
4.43505
4.1347
4.1347
5
5
5
5
5
5
5
5
5
5
5
5
5
5
5
5
5
5
5
5
5
5
5
5
5
5
5
4.07955
4.07955
4.07955
4.07955
4.07955
4.07955
5
5
4.11245
4.11245
3.39945
3.39945
3.24645
3.3315
3.3315
3.4665
3.4665
3.665
3.665
3.665
3.665
3.665
3.665
3.665
3.665
3.665
3.817
4.273
4.273
4.273
4.273
4.273
3.9705
3.9705
3.9705
3.9705
3.9705
4.042
4.042
4.042
3.972
3.972
3.972
3.3985
3.3985
3.3985
3.3985
3.3985
3.3985
3.3985
3.4335
3.4335
3.569
3.569
3.569
3.471
3.471
3.471
3.471
3.471
3.471
3.94555
3.87755
3.87755
3.87755
3.87755
4.43505
4.43505
4.43505
4.43505
4.43505
4.1347
4.1347
4.1347
4.1347
5
5
5
5
5
5
5
5
5
5
5
5
5
5
5
5
5
5
5
5
5
5
5
5
5
5
4.07955
4.07955
4.07955
5
5
5
5
5
4.11245
3.39945
3.39945
3.39945
3.39945
3.4845
3.6195
3.665
3.665
3.665
3.665
3.665
3.665
3.665
3.665
4.121
4.121
4.273
4.273
4.273
4.273
4.273
4.273
3.9705
3.9705
3.9705
3.9705
3.9705
3.972
3.972
3.972
3.972
3.972
3.972
3.3985
3.3985
3.3985
3.3985
3.3985
3.3985
3.3985
3.4335
3.4335
3.569
3.569
3.569
3.471
3.471
3.471
3.471
3.471
3.471
3.87755
3.87755
3.87755
3.87755
3.87755
4.43505
4.43505
4.43505
5
4.1347
4.1347
4.1347
4.1347
4.1347
4.1347
5
5
5
5
5
5
5
5
5
5
5
5
5
5
5
5
5
5
5
5
5
5
5
5
5
5
5
5
5
5
5
5
5
4.11245
3.39945
3.39945
3.39945
3.39945
3.39945
3.6195
3.6195
3.665
3.665
3.665
3.665
3.665
3.665
4.121
4.121
4.577
4.273
4.577
4.577
4.273
4.273
4.273
3.9705
3.892
3.892
3.892
3.972
3.972
3.972
3.972
3.972
3.972
3.972
3.8205
3.3985
3.3985
3.3985
3.3985
3.161
3.161
3.4335
3.4335
3.569
3.569
3.569
3.569
3.471
3.471
3.471
3.471
3.471
5
4.4425
4.4425
4.4425
4.4425
5
5
5
5
5
4.1347
4.1347
4.1347
4.1347
4.1347
5
5
5
5
5
5
5
5
5
5
5
5
5
5
5
5
5
5
5
5
5
5
5
5
5
5
5
5
5
5
5
5
5
4.11245
4.11245
3.39945
3.39945
3.39945
3.39945
3.6195
3.6195
3.6195
3.665
3.665
3.665
3.665
4.121
4.121
4.577
4.577
4.577
4.577
4.577
4.577
4.1945
4.1945
4.1945
3.892
3.892
3.892
3.892
3.972
3.972
3.972
3.972
3.8205
3.8205
3.8205
3.635
3.3985
3.161
3.161
3.161
3.161
3.161
3.4335
3.569
3.569
3.569
3.569
3.569
3.471
3.471
3.471
4.2845
5
5
5
4.4425
5
5
5
5
5
5
5
4.1347
4.1347
4.1347
5
5
5
5
5
5
5
5
5
5
5
5
5
5
5
5
5
5
5
5
5
5
5
5
5
5
5
5
5
5
5
5
5
5
4.11245
4.11245
3.39945
3.39945
3.39945
3.39945
3.39945
3.6195
3.6195
3.6195
3.665
3.665
4.121
4.121
4.577
4.577
4.577
4.577
4.577
4.577
4.577
4.1945
4.1945
4.1945
3.892
3.892
3.892
3.892
3.972
3.972
3.972
3.8205
3.8205
3.8205
3.8205
3.8205
3.161
3.161
3.161
3.161
3.161
3.161
3.2212
3.2212
3.2212
3.569
3.569
3.569
3.569
4.2845
5
5
5
5
5
5
5
5
5
5
5
5
5
5
5
5
5
5
5
5
5
5
5
5
5
5
5
5
5
5
5
5
5
5
5
5
5
5
5
5
5
5
5
5
5
5
5
5
5
5
5
4.11245
3.39945
3.39945
3.39945
3.39945
3.39945
3.6195
3.6195
3.6195
3.6195
4.121
4.121
4.577
4.577
4.577
4.577
4.577
4.577
4.577
4.577
4.577
4.1945
3.9195
3.892
3.892
3.892
3.892
3.972
3.972
3.8205
3.8205
3.8205
3.8205
3.8205
3.8205
3.161
3.161
3.161
3.161
3.161
3.161
2.9487
3.2212
3.2212
4.2845
4.2845
5
5
5
5
5
5
5
5
5
5
5
5
5
5
5
5
5
5
5
5
5
5
5
5
5
5
5
5
5
5
5
5
5
5
5
5
5
5
5
5
5
5
5
5
5
5
5
5
5
5
5
5
5
5
5
3.39945
3.39945
3.39945
3.39945
3.39945
3.6195
3.9215
3.9215
3.9215
3.9215
4.577
4.577
4.577
4.577
4.577
4.577
4.577
4.577
4.577
4.577
3.9195
3.9195
3.9195
3.8925
3.8925
3.892
3.7405
3.8205
3.8205
3.8205
3.8205
3.8205
3.473
3.473
3.1505
3.1505
3.161
3.161
3.161
2.9487
2.9487
2.9487
3.2212
3.2212
5
5
5
5
5
5
5
5
5
5
5
5
5
5
5
5
5
5
5
5
5
5
5
5
5
5
5
5
5
5
5
5
5
5
5
5
5
5
5
5
5
5
5
5
5
5
5
5
5
5
5
5
4.2251
4.2251
4.2251
5
5
3.39945
3.39945
3.39945
3.39945
3.9215
3.9215
3.9215
3.9215
3.9215
4.423
4.423
4.577
4.577
4.577
4.577
4.577
4.577
4.302
4.302
3.9195
3.9195
3.9195
3.8925
3.8925
3.8925
3.8925
3.8205
3.8205
3.8205
3.473
3.473
3.473
3.277
3.277
3.1505
3.1505
3.1505
2.9487
2.9487
2.9487
2.9487
3.9367
3.9367
5
5
5
5
5
5
5
5
5
5
5
5
5
5
5
5
5
5
5
5
5
5
5
5
5
5
5
5
5
5
5
5
5
5
5
5
5
5
5
5
5
5
5
5
5
5
5
5
5
5
4.2251
4.2251
4.2251
4.2251
4.2251
4.2251
4.2251
4.2251
3.5121
3.39945
3.9215
3.9215
3.9215
3.9215
3.9215
3.9215
4.423
4.423
4.423
4.577
4.577
4.577
4.577
4.302
4.302
4.302
4.302
4
4
3.973
3.973
3.973
3.973
3.973
3.473
3.473
3.473
3.473
3.277
3.277
3.277
3.277
3.1505
3.1505
2.9487
2.9487
2.9487
2.9487
3.9367
3.9367
5
5
5
5
5
5
5
5
5
5
5
5
5
5
5
5
5
5
5
5
5
5
5
5
5
5
5
5
5
5
5
5
5
5
5
5
5
5
5
5
5
5
5
5
5
5
5
5
5
5
4.2251
4.2251
4.2251
4.2251
4.2251
4.2251
4.2251
4.2251
4.2251
3.5121
3.9215
3.9215
3.9215
3.9215
3.9215
4.423
4.423
4.423
4.423
4.423
4.423
4.577
4.302
4.302
4.302
4.302
4
4
4
3.973
3.973
3.973
3.973
3.973
3.625
3.473
3.473
3.277
3.277
3.277
3.277
3.277
3.1505
3.1505
3.1505
2.9487
2.9487
3.9367
3.9367
3.9367
5
5
5
5
5
5
5
5
5
5
5
5
5
5
5
5
5
5
5
5
5
5
5
5
5
5
5
5
5
5
5
5
5
5
5
5
5
5
5
5
5
5
5
5
5
5
5
5
5
4.2251
4.2251
4.2251
4.2251
4.2251
4.2251
5
5
5
5
5
4.6345
3.9215
3.9215
3.9215
3.9215
4.423
4.423
4.423
4.423
4.423
4.423
4.302
4.302
4.302
4.302
4
4
4
4
3.973
3.973
3.973
3.973
3.8925
3.8925
3.625
3.277
3.277
3.277
3.277
3.277
3.277
3.277
3.1505
3.1505
2.9487
3.9367
3.9367
3.9367
3.9367
5
5
5
5
5
5
5
5
5
5
5
5
5
5
5
5
5
5
5
5
5
5
5
5
5
5
5
5
5
5
5
5
5
5
5
5
5
5
5
5
5
5
5
5
5
5
5
5
5
5
5
5
5
5
5
5
5
5
5
5
4.3575
4.6345
3.9215
3.9215
4.0835
4.0835
4.0835
4.423
4.423
4.423
4.423
4.302
4.302
4.302
4.302
4
4
4
4
3.973
3.973
3.973
3.973
3.8925
3.8925
3.625
3.277
3.277
3.277
3.277
3.277
3.277
3.277
3.277
3.1505
3.9367
3.9367
3.9367
3.9367
3.9367
5
5
5
5
5
5
5
5
5
5
5
5
5
5
5
5
5
5
5
5
5
5
5
5
5
5
5
5
5
5
5
5
5
5
5
5
5
5
5
5
5
5
5
5
5
5
5
5
5
5
5
5
5
5
5
5
5
5
5
5
4.3575
4.3575
3.715
3.992
4.0835
4.0835
4.0835
4.0835
4.0835
4.0835
4.423
4.302
3.9625
4.302
4
4
4
4
4
3.973
3.973
3.973
3.8925
3.8925
3.8925
3.8925
3.625
3.277
3.277
3.277
3.277
3.277
3.277
3.277
4.1385
3.9367
3.9367
3.9367
3.9367
3.9367
5
5
5
5
5
5
5
5
5
5
5
5
5
5
5
5
5
5
5
5
5
5
5
5
5
5
5
5
5
5
5
5
5
5
5
5
5
5
5
5
5
5
5
5
5
5
5
5
5
5
5
5
5
5
5
5
5
5
5
4.3575
4.3575
3.715
3.715
3.715
4.0835
4.0835
4.0835
4.0835
4.0835
4.0835
4.0835
3.9625
3.9625
3.9625
4
4
4
4
3.8925
3.8925
3.8925
3.8925
3.8925
3.8925
3.8925
3.8925
3.8925
3.5235
3.5235
3.5235
3.5235
3.5235
3.5235
3.5235
4.1385
5
5
5
5
5
5
5
5
5
5
5
5
5
5
5
5
5
5
5
5
5
5
5
5
5
5
5
5
5
5
5
5
5
5
5
5
5
5
5
5
5
5
5
5
5
5
5
5
5
5
5
5
5
5
5
5
5
5
5
5
5
5
5
5
4.3575
4.3575
3.715
3.715
3.715
3.715
3.8065
4.0835
4.0835
4.0835
4.0835
4.0835
3.9625
3.9625
3.9625
3.9625
4
4
3.8925
3.8925
3.8925
3.8925
3.812
3.812
3.812
3.8925
3.8925
3.8925
3.5235
3.5235
3.5235
3.5235
3.5235
3.5235
3.5235
5
5
5
5
5
5
5
5
5
5
5
5
5
5
5
5
5
5
5
5
5
5
5
5
5
5
5
5
5
5
5
5
5
5
5
5
5
5
5
5
5
5
5
5
5
5
5
5
5
5
5
5
5
5
5
5
5
5
5
5
5
5
5
5
5
4.3575
4.3575
3.715
3.715
3.715
3.715
3.8065
3.8065
3.898
3.898
3.898
3.898
3.9625
3.898
3.729
3.729
3.7665
3.8925
3.8925
3.8925
3.8925
3.812
3.812
3.812
3.812
3.812
3.812
3.791
3.5235
3.5235
3.5235
3.5235
3.5235
3.5235
5
5
5
5
5
5
5
5
5
5
5
5
5
5
5
5
5
5
5
5
5
5
5
5
5
5
5
5
5
5
5
5
5
5
5
5
5
5
5
5
5
5
5
5
5
5
5
5
5
5
5
5
5
5
5
5
5
5
5
5
5
5
5
5
5
5
4.3575
4.3575
3.715
3.715
3.715
3.715
3.8065
3.8065
3.898
3.898
3.898
3.898
3.898
3.898
3.729
3.729
3.7665
3.7665
3.8925
3.8925
3.8925
3.812
3.812
3.812
3.812
3.812
3.812
3.791
3.791
3.5235
3.5235
3.5235
3.5235
4.385
5
5
5
5
5
5
5
5
5
5
5
5
5
5
5
5
5
5
5
5
5
5
5
5
5
5
5
5
5
5
5
5
5
5
5
5
5
5
5
5
5
5
5
5
5
5
5
5
5
5
5
5
5
5
5
5
5
5
5
5
5
5
5
5
5
5
4.3575
4.3575
3.715
3.715
3.715
3.715
3.715
3.898
3.898
3.898
3.898
3.898
3.898
3.898
3.729
3.729
3.729
3.7665
3.7665
3.8925
3.812
3.812
3.812
3.812
3.812
3.812
3.812
3.791
3.791
3.5235
3.5235
3.5235
4.385
4.385
5
5
5
5
5
5
5
5
5
5
5
5
5
5
5
5
5
5
5
5
5
5
5
5
5
5
5
5
5
5
5
5
5
5
5
5
5
5
5
5
5
5
5
5
5
5
5
5
5
5
5
5
5
5
5
5
5
5
5
5
5
5
5
5
5
5
4.3575
4.3575
3.715
3.715
3.715
3.715
3.715
3.898
3.898
3.898
3.898
3.898
3.898
3.898
3.729
3.729
3.729
3.7665
3.532
3.532
3.658
3.658
3.658
3.658
3.658
3.658
3.658
3.675
3.675
3.675
3.4075
4.269
4.269
5
5
5
5
5
5
5
5
5
5
5
5
5
5
5
5
5
5
5
5
5
5
5
5
5
5
5
5
5
5
5
5
5
5
5
5
5
5
5
5
5
5
5
5
5
5
5
5
5
5
5
5
5
5
5
5
5
5
5
5
5
5
5
5
5
5
5
4.07205
4.07205
3.715
3.715
3.715
3.715
3.8065
3.8065
3.898
3.898
3.898
3.898
3.898
3.898
3.729
3.729
3.729
3.532
3.532
3.532
3.532
3.658
3.658
3.658
3.658
3.658
3.658
3.675
3.675
3.675
4.269
4.269
4.269
5
5
5
5
5
5
5
5
5
5
5
5
5
5
5
5
5
5
5
5
5
5
5
5
5
5
5
5
5
5
5
5
5
5
5
5
5
5
5
5
5
5
5
5
5
5
5
5
5
5
5
5
5
5
5
5
5
5
5
5
5
5
5
5
5
5
4.07205
4.07205
4.07205
3.42955
3.42955
3.715
3.715
3.8065
3.8065
3.898
3.898
3.898
3.898
3.898
3.898
3.729
3.729
3.9435
3.532
3.532
3.532
3.532
3.532
3.658
3.658
3.658
3.658
3.658
3.675
3.675
3.675
4.269
4.269
4.269
5
5
5
5
5
5
5
5
5
5
5
5
5
5
5
5
5
5
5
5
5
5
5
5
5
5
5
5
5
5
5
5
5
5
5
5
5
5
5
5
5
5
5
5
5
5
5
5
5
5
5
5
5
5
5
5
5
5
5
5
5
5
5
5
5
5
5
4.07205
4.07205
4.07205
3.42955
3.42955
3.42955
3.8065
3.8065
3.898
3.898
3.898
3.898
3.898
3.9435
3.9435
3.9435
3.9435
3.9435
3.532
3.532
3.659
3.659
3.659
3.659
3.659
3.659
3.659
3.676
3.675
3.675
4.269
4.269
4.269
5
5
5
5
5
5
5
5
5
5
5
5
5
5
5
5
5
5
5
5
5
5
5
5
5
5
5
5
5
5
5
5
5
5
5
5
5
5
5
5
5
5
5
5
5
5
5
5
5
5
5
5
5
5
5
5
5
5
5
5
5
5
5
5
5
5
5
5
4.07205
4.07205
3.406
3.406
3.406
3.78295
3.78295
3.78295
3.898
3.898
3.898
3.9435
3.9435
3.9435
3.9435
3.9435
3.9435
3.659
3.659
3.659
3.659
3.659
3.659
3.659
3.659
3.659
3.659
3.676
4.269
4.269
4.269
4.269
5
5
5
5
5
5
5
5
5
5
5
5
5
5
5
5
5
5
5
5
5
5
5
5
5
5
5
5
5
5
5
5
5
5
5
5
5
5
5
5
5
5
5
5
5
5
5
5
5
5
5
5
5
5
5
5
5
5
5
5
5
5
5
5
5
5
5
5
5
3.406
3.406
3.406
3.406
3.78295
3.78295
3.78295
3.78295
4.1125
4.1125
3.9435
3.9435
3.9435
3.9435
4.0705
4.0705
4.0705
3.814
3.659
3.659
3.659
3.659
3.8445
3.8445
3.8445
3.8445
3.5407
4.1337
4.1337
4.1337
5
5
5
5
5
5
5
5
5
5
5
5
5
5
5
5
5
5
5
5
5
5
5
5
5
5
5
5
5
5
5
5
5
5
5
5
5
5
5
5
5
5
5
5
5
5
5
5
5
5
5
5
5
5
5
5
5
5
5
5
5
5
5
5
5
5
5
5
5
5
4.33395
4.33395
4.33395
4.33395
3.79795
3.78295
3.78295
3.78295
4.1125
4.1125
3.9435
3.9435
3.9435
4.0705
4.0705
4.0705
3.814
3.814
3.814
3.8445
3.8445
3.8445
3.8445
3.8445
3.8445
3.8445
3.5407
4.1337
4.1337
4.1337
4.1337
5
5
5
5
5
5
5
5
5
5
5
5
5
5
5
5
5
5
5
5
5
5
5
5
5
5
5
5
5
5
5
5
5
5
5
5
5
5
5
5
5
5
5
5
5
5
5
5
5
5
5
5
5
5
5
5
5
5
5
5
5
5
5
5
5
5
5
5
5
4.33395
4.33395
4.33395
3.79795
3.79795
3.79795
3.79795
3.78295
4.1125
4.1125
3.9435
4.0705
4.0705
4.0705
4.0705
4.0705
3.814
3.814
3.814
3.814
3.8445
3.8445
3.8445
3.8445
3.8445
3.8445
4.1337
4.1337
4.1337
4.1337
4.1337
5
5
5
5
5
5
5
5
5
5
5
5
5
5
5
5
5
5
5
5
5
5
5
5
5
5
5
5
5
5
5
5
5
5
5
5
5
5
5
5
5
5
5
5
5
5
5
5
5
5
5
5
5
5
5
5
5
5
5
5
5
5
5
5
5
5
5
5
5
4.33395
4.33395
3.79795
3.79795
3.79795
3.79795
3.79795
4.1275
4.1275
4.1125
4.0705
4.0705
4.0705
4.0705
4.0705
4.0705
3.814
3.814
3.814
3.814
3.814
3.8445
3.8445
3.8445
3.8445
3.5407
4.1337
4.1337
4.1337
4.1337
4.1337
4.1337
5
5
5
5
5
5
5
5
5
5
5
5
5
5
5
5
5
5
5
5
5
5
5
5
5
5
5
5
5
5
5
5
5
5
5
5
5
5
5
5
5
5
5
5
5
5
5
5
5
5
5
5
5
5
5
5
5
5
5
5
5
5
5
5
5
5
5
5
5
4.33395
3.79795
3.79795
3.79795
3.79795
3.959
4.1275
4.1275
4.327
4.0705
4.327
4.0705
4.0705
4.0705
4.0705
3.814
3.814
3.814
3.814
3.814
3.814
3.8445
3.8445
3.8445
3.7037
4.1337
4.1337
4.1337
4.1337
4.1337
4.1337
5
5
5
5
5
5
5
5
5
5
5
5
5
5
5
5
5
5
5
5
5
5
5
5
5
5
5
5
5
5
5
5
5
5
5
5
5
5
5
5
5
5
5
5
5
5
5
5
5
5
5
5
5
5
5
5
5
5
5
5
5
5
5
5
5
5
5
5
5
4.464
3.959
3.959
3.959
3.959
3.959
4.1275
4.327
4.327
4.327
4.327
4.327
4.327
4.0705
4.0705
3.814
3.814
3.814
3.814
3.814
3.814
3.814
3.8445
4.0075
3.7037
3.7037
4.1337
4.1337
4.1337
4.1337
4.4645
4.4645
4.4645
4.4645
4.4645
5
5
5
5
5
5
5
5
5
5
5
5
5
5
5
5
5
5
5
5
5
5
5
5
5
5
5
5
5
5
5
5
5
5
5
5
5
5
5
5
5
5
5
5
5
5
5
5
5
5
5
5
5
5
5
5
5
5
5
5
5
5
5
5
5
4.495
3.959
3.959
3.959
3.959
3.959
4.1275
4.327
4.327
4.327
4.327
4.327
4.327
4.327
4.0705
3.814
3.814
3.814
3.814
3.814
3.814
4.065
4.0075
4.0075
3.7037
3.7037
3.7037
4.1337
4.1337
4.1337
4.4645
4.4645
4.4645
3.929
3.929
3.929
5
5
5
5
5
5
5
5
5
5
5
5
5
5
5
5
5
5
5
5
5
5
5
5
5
5
5
5
5
5
5
5
5
5
5
5
5
5
5
5
5
5
5
5
5
5
5
5
5
5
5
5
5
5
5
5
5
5
5
5
5
5
5
5
4.495
4.495
3.959
3.959
3.959
3.959
4.1585
4.327
4.327
4.327
4.327
4.327
4.327
4.327
4.327
3.814
3.814
3.814
3.814
4.065
4.065
4.065
4.065
3.7037
3.7037
3.7037
3.7037
4.1337
4.1337
4.1337
4.4645
4.4645
4.4645
4.4645
3.929
5
5
5
5
5
5
5
5
5
5
5
5
5
5
5
5
5
5
5
5
5
5
5
5
5
5
5
5
5
5
5
5
5
5
5
5
5
5
5
5
5
5
5
5
5
5
5
5
5
5
5
5
5
5
5
5
5
5
5
5
5
5
5
5
5
4.495
4.035
4.035
4.035
4.035
4.1585
4.1585
4.327
4.327
4.327
4.327
4.327
4.327
4.327
4.0705
3.9975
3.9975
3.9975
3.9975
4.065
4.065
4.065
4.316
4.228
4.228
4.228
3.7037
3.7037
4.1337
4.1337
4.4645
4.4645
4.4645
4.4645
5
5
5
5
5
5
5
5
5
5
5
5
5
5
5
5
5
5
5
5
5
5
5
5
5
5
5
5
5
5
5
5
5
5
5
5
5
5
5
5
5
5
5
5
5
5
5
5
5
5
5
5
5
5
5
5
5
5
5
5
5
5
5
5
5
4.54
4.035
4.035
4.035
4.035
4.035
4.1585
4.1585
4.327
4.327
4.327
4.327
4.327
4.327
4.254
4.181
4.181
4.181
3.9975
3.9975
4.065
4.191
4.316
4.316
4.316
4.228
4.228
4.228
4.228
4.658
4.4645
4.4645
4.4645
4.4645
5
5
5
5
5
5
5
5
5
5
5
5
5
5
5
5
5
5
5
5
5
5
5
5
5
5
5
5
5
5
5
5
5
5
5
5
5
5
5
5
5
5
5
5
5
5
5
5
5
5
5
5
5
5
5
5
5
5
5
5
5
5
5
5
5
5
4.54
4.035
4.035
4.035
4.035
4.035
4.1585
4.1585
4.1585
4.327
4.327
4.327
4.254
4.254
4.254
4.181
4.181
4.181
4.181
4.1235
4.191
4.191
4.191
4.316
4.316
4.228
4.228
4.228
4.228
4.658
4.658
4.4645
5
5
5
4.41745
4.41745
4.41745
5
5
5
5
5
5
5
5
5
5
5
5
5
5
5
5
5
5
5
5
5
5
5
5
5
5
5
5
5
5
5
5
5
5
5
5
5
5
5
5
5
5
5
5
5
5
5
5
5
5
5
5
5
5
5
5
5
5
5
5
5
5
4.54
4.54
4.035
4.035
4.035
4.1585
4.1585
4.1585
4.1585
4.327
4.327
4.254
4.254
4.254
4.254
4.181
4.181
4.181
4.181
4.1235
4.1235
4.191
4.191
4.316
4.316
4.316
4.228
4.228
4.228
4.658
4.658
4.6005
5
5
5
4.41745
4.41745
4.41745
4.41745
5
5
5
5
5
5
5
5
5
5
5
5
5
5
5
5
5
5
5
5
5
5
5
5
5
5
5
5
5
5
5
5
5
5
5
5
5
5
5
5
5
5
5
5
5
5
5
5
5
5
5
5
5
5
5
5
5
5
5
5
5
5
4.54
4.54
4.035
4.035
4.1585
4.1585
4.1585
4.156
4.254
4.254
4.254
4.254
4.254
4.181
4.181
4.181
4.181
4.181
4.1235
4.1235
4.191
4.191
4.316
4.316
4.316
4.228
4.228
4.228
4.658
4.6005
4.6005
5
5
5
4.41745
4.41745
4.41745
4.41745
5
5
5
5
5
5
5
5
5
5
5
5
5
5
5
5
5
5
5
5
5
5
5
5
5
5
5
5
5
5
5
5
5
5
5
5
5
5
5
5
5
5
5
5
5
5
5
5
5
5
5
5
5
5
5
5
5
5
5
5
5
5
5
4.54
4.54
4.54
4.1585
4.156
4.156
4.156
4.156
4.254
4.083
4.083
4.083
4.083
4.181
4.181
4.181
4.181
4.1235
4.1235
4.191
4.191
4.191
4.316
4.316
4.316
4.228
4.228
4.6005
4.6005
4.6005
5
5
5
4.41745
4.41745
4.41745
4.41745
5
5
5
5
5
5
5
5
5
5
5
5
5
5
5
5
5
5
5
5
5
5
5
5
5
5
5
5
5
5
5
5
5
5
5
5
5
5
5
5
5
5
5
5
5
5
5
5
5
5
5
5
5
5
5
5
5
5
5
5
5
5
5
5
4.54
4.54
4.156
4.156
4.156
4.156
3.985
4.083
3.985
4.083
4.083
4.083
4.181
4.181
4.181
4.181
4.1235
4.1235
4.191
4.191
4.191
4.316
4.316
4.316
4.228
4.1705
4.6005
4.6005
4.6005
5
5
5
4.41745
4.41745
4.41745
4.41745
5
5
5
5
5
5
5
5
5
5
5
5
5
5
5
5
5
5
5
5
5
5
5
5
5
5
5
5
5
5
5
5
5
5
5
5
5
5
5
5
5
5
5
5
5
5
5
5
5
5
5
5
5
5
5
5
5
5
5
5
5
5
5
5
5
4.0325
3.985
3.985
3.985
3.985
3.985
3.985
3.985
3.808
3.808
3.808
4.181
4.181
4.181
4.181
4.1235
4.1235
4.1235
4.1085
4.1085
4.2335
4.2335
4.176
4.176
4.176
4.6005
4.6005
4.6005
4.6005
5
5
4.41745
4.41745
5
5
5
5
5
5
5
5
5
5
5
5
5
5
5
5
5
5
5
5
5
5
5
5
5
5
5
5
5
5
5
5
5
5
5
5
5
5
5
5
5
5
5
5
5
5
5
5
5
5
5
5
5
5
5
5
5
5
5
5
5
5
5
5
5
5
5
4.4925
3.985
3.985
3.985
3.985
3.985
3.985
3.985
3.808
3.808
3.808
3.631
3.906
3.7925
3.954
3.954
3.954
3.954
4.1085
4.1085
4.2335
4.176
4.176
4.176
4.176
4.6005
4.6005
4.6005
4.6005
5
5
5
5
5
5
5
5
5
5
5
5
5
5
5
5
5
5
5
5
5
5
5
5
5
5
5
5
5
5
5
5
5
5
5
5
5
5
5
5
5
5
5
5
5
5
5
5
5
5
5
5
5
5
5
5
5
5
5
5
5
5
5
5
5
5
5
5
5
5
5
3.985
3.985
3.985
3.985
3.985
3.985
3.985
3.985
3.808
3.631
3.631
3.631
3.631
3.7925
3.954
3.954
3.954
3.954
4.0525
4.0525
4.0525
4.176
4.176
4.176
4.176
4.176
4.6005
4.6005
4.6005
4.2691
4.2691
4.2691
5
5
5
5
5
5
5
5
5
5
5
5
5
5
5
5
5
5
5
5
5
5
5
5
5
5
5
5
5
5
5
5
5
5
5
5
5
5
5
5
5
5
5
5
5
5
5
5
5
5
5
5
5
5
5
5
5
5
5
5
5
5
5
5
5
5
5
4.5435
3.985
3.985
3.985
3.985
3.985
3.985
3.985
3.985
3.631
3.631
3.631
3.631
3.631
3.7925
3.954
3.954
3.954
3.954
4.0525
4.0525
4.0525
4.176
4.176
4.176
4.176
4.176
4.176
3.8696
3.8696
4.2691
4.2691
4.2691
4.2691
5
5
5
5
5
5
5
5
5
5
5
5
5
5
5
5
5
5
5
5
5
5
5
5
5
5
5
5
5
5
5
5
5
5
5
5
5
5
5
5
5
5
5
5
5
5
5
5
5
5
5
5
5
5
5
5
5
5
5
5
5
5
5
5
5
4.5435
4.5435
4.036
3.985
3.985
3.985
3.985
3.985
3.985
3.808
3.631
3.631
3.631
3.631
3.631
3.7925
3.954
3.954
3.954
3.954
4.0525
4.0525
4.0525
4.176
4.176
4.176
4.176
4.176
3.8696
3.8696
3.8696
4.2691
4.2691
4.2691
4.2691
4.2691
5
5
5
5
5
5
5
5
5
5
5
5
5
5
5
5
5
5
5
5
5
5
5
5
5
5
5
5
5
5
5
5
5
5
5
5
5
5
5
5
5
5
5
5
5
5
5
5
5
5
5
5
5
5
5
5
5
5
5
5
5
5
5
5
4.5435
4.5435
4.084
4.084
4.033
4.033
4.033
4.033
3.808
4.033
3.856
3.631
3.631
3.631
3.631
3.7925
3.954
3.954
3.954
3.954
4.0525
4.0525
4.0525
4.418
4.418
4.418
4.418
4.176
3.8696
3.8696
3.8696
4.2691
4.2691
4.2691
4.2691
4.2691
4.2691
5
5
5
5
5
5
5
5
5
5
5
5
5
5
5
5
5
5
5
5
5
5
5
5
5
5
5
5
5
5
5
5
5
5
5
5
5
5
5
5
5
5
5
5
5
5
5
5
5
5
5
5
5
5
5
4.12785
4.12785
4.12785
4.12785
4.12785
4.12785
4.12785
4.5435
4.087
4.087
4.084
4.084
4.033
4.033
4.033
4.033
4.033
4.081
4.081
3.856
3.856
3.856
3.631
3.954
3.954
3.954
3.954
3.954
3.954
4.0525
4.418
4.418
4.418
4.418
4.418
4.418
4.1116
4.1116
3.8751
4.2691
4.2691
4.2691
4.2691
4.2691
4.2691
5
5
5
5
5
5
5
5
5
5
5
5
5
5
5
5
5
5
5
5
5
5
5
5
5
5
5
5
5
5
5
5
5
5
5
5
5
5
5
5
5
5
5
5
5
5
5
5
5
5
5
5
5
5
5
4.12785
4.12785
4.12785
4.12785
4.12785
4.12785
3.67135
4.087
4.087
4.087
4.087
4.084
4.084
4.033
4.033
4.033
4.081
4.081
4.081
4.081
3.856
3.856
3.856
3.856
3.954
3.954
3.954
3.954
3.954
4.418
4.418
4.418
4.418
4.4225
4.4225
4.4225
4.1116
3.8751
3.8751
3.8751
3.8751
4.2691
4.2691
4.2691
4.2691
5
5
5
5
5
5
5
5
5
5
5
5
5
5
5
5
5
5
5
5
5
5
5
5
5
5
5
5
5
5
5
5
5
5
5
5
5
5
5
5
5
5
5
5
5
5
5
5
5
5
5
5
5
5
5
5
4.12785
4.12785
4.12785
4.12785
4.12785
3.67135
4.087
4.087
4.087
4.087
4.084
4.084
4.084
4.081
4.081
4.081
4.081
4.081
4.081
4.081
3.856
3.856
3.856
3.954
3.954
3.954
3.954
3.954
4.418
4.4225
4.4225
4.4225
4.4225
4.4225
4.4225
4.4225
3.8751
3.8751
3.8751
3.8751
3.8751
4.2691
4.2691
4.2691
5
5
5
5
5
5
5
5
5
5
5
5
5
5
5
5
5
5
5
5
5
5
5
5
5
5
5
5
5
5
5
5
5
5
5
5
5
5
5
5
5
5
5
5
5
5
5
5
5
5
5
5
5
5
5
5
5
5
5
4.3757
4.3757
4.087
4.087
4.087
4.087
4.087
4.087
4.084
4.084
4.081
4.081
4.081
4.081
4.081
4.081
4.081
4.1745
4.1745
4.1745
4.268
4.111
3.954
3.954
4.4225
4.4225
4.4225
4.4225
4.4225
4.4225
4.4225
4.4225
4.186
3.8751
3.8751
3.8751
3.8751
3.8751
3.8751
4.2691
4.2691
4.25195
4.25195
4.25195
5
5
5
5
5
5
5
5
5
5
5
5
5
5
5
5
5
5
5
5
5
5
5
5
5
5
5
5
5
5
5
5
5
5
5
5
5
5
5
5
5
5
5
5
5
5
5
5
5
5
5
5
5
5
5
4.3757
4.3757
4.3757
3.9192
4.087
4.087
4.087
4.087
4.087
4.084
4.084
4.081
4.081
4.081
4.081
4.081
4.081
4.1745
4.1745
4.1745
4.268
4.268
4.268
4.268
4.214
4.4225
4.4225
4.4225
4.4225
4.4225
4.4225
4.4225
4.186
4.186
4.186
3.8751
3.8751
3.8751
3.8751
3.8751
3.4391
4.25195
4.25195
4.25195
4.25195
4.25195
4.25195
5
5
5
5
5
5
5
5
5
5
5
5
5
5
5
5
5
5
5
5
5
5
5
5
5
5
5
5
5
5
5
5
5
5
5
5
5
5
5
5
5
5
5
5
5
5
5
5
5
5
5
5
5
4.3757
4.3757
4.3757
3.9192
3.9192
4.087
4.087
4.087
4.087
4.182
4.179
4.081
4.081
4.081
4.081
4.081
4.1745
4.1745
4.268
4.268
4.268
4.268
4.268
4.268
4.214
4.4225
4.4225
4.4225
4.4225
4.4225
4.4225
4.186
4.186
4.186
4.186
4.186
3.8751
3.8751
3.8751
3.4956
3.42195
3.42195
3.42195
4.25195
4.25195
4.25195
4.25195
4.25195
5
5
5
5
5
5
5
5
5
5
5
5
5
5
5
5
5
5
5
5
5
5
5
5
5
5
5
5
5
5
5
5
5
5
5
5
5
5
5
5
5
5
5
5
5
5
5
5
5
5
5
4.3757
4.3757
4.3757
4.3757
3.9192
3.9192
3.9192
4.182
4.182
4.182
4.182
4.179
4.179
4.081
4.081
4.081
4.1745
4.268
4.268
4.268
4.268
4.268
4.268
4.268
4.268
4.214
4.16
4.16
4.16
4.16
4.16
4.16
4.16
4.186
4.186
4.186
4.186
4.186
3.453
3.453
3.453
3.453
3.42195
3.42195
3.42195
3.42195
3.42195
4.25195
4.25195
5
5
5
5
5
5
5
5
5
5
5
5
5
5
5
5
5
5
5
5
5
5
5
5
5
5
5
5
5
5
5
5
5
5
5
5
5
5
5
5
5
5
5
5
5
5
5
5
5
5
5
4.3757
4.3757
4.3757
4.3757
3.9192
3.9192
3.9192
4.182
4.182
4.182
4.182
4.182
4.179
4.179
4.081
4.2725
4.268
4.268
4.268
4.268
4.268
4.268
4.268
4.268
4.268
4.132
4.078
4.16
4.16
4.16
4.16
4.16
4.16
4.16
4.186
4.186
4.186
3.453
3.453
3.453
3.453
3.453
3.3965
3.42195
3.42195
3.42195
3.42195
4.25195
4.06195
4.06195
5
5
5
5
5
5
5
5
5
5
5
5
5
5
5
5
5
5
5
5
5
5
5
5
5
5
5
5
5
5
5
5
5
5
5
5
5
5
5
5
5
5
5
5
5
5
5
5
5
5
4.3757
4.3757
4.3757
4.3757
3.9192
3.9192
4.015
4.182
4.182
4.182
4.182
4.182
4.179
4.2725
4.2725
4.2725
4.268
4.268
4.268
4.268
4.268
4.268
4.268
4.268
4.268
4.132
4.078
4.16
4.16
4.16
4.16
4.16
4.16
4.16
4.16
4.186
3.8065
3.453
3.453
3.453
3.453
3.453
3.3965
3.3965
3.42195
3.42195
4.25195
4.06195
4.06195
4.06195
5
5
5
5
5
5
5
5
5
5
5
5
5
5
5
5
5
5
5
5
5
5
5
5
5
5
5
5
5
5
5
5
5
5
5
5
5
5
5
5
5
5
5
5
5
5
5
5
5
5
3.8472
3.943
3.943
3.943
3.943
4.015
4.015
4.182
4.182
4.182
4.182
4.182
4.2725
4.2725
4.2725
4.2725
4.268
4.268
4.268
4.268
4.268
4.268
4.268
4.268
4.132
3.996
3.996
4.078
4.16
4.16
4.16
4.16
4.16
4.16
4.16
4.16
3.8065
3.453
3.453
3.453
3.453
3.453
3.453
3.3965
3.3965
3.23195
4.06195
4.06195
4.06195
4.06195
5
5
5
5
5
5
5
5
5
5
5
5
5
5
5
5
5
5
5
5
5
5
5
5
5
5
5
5
5
5
5
5
5
5
5
5
5
5
5
5
5
5
5
5
5
5
5
5
3.872
3.872
3.943
3.943
3.943
3.943
3.943
3.943
4.015
4.182
4.182
4.182
4.182
4.208
4.208
4.208
4.2725
4.208
4.2035
4.268
4.268
4.268
4.268
4.268
4.268
4.132
3.996
3.996
3.996
3.996
4.078
4.16
4.16
4.16
4.16
4.16
4.16
4.16
3.453
3.453
3.453
3.453
3.453
3.453
3.453
3.3965
3.3965
3.23195
4.06195
4.06195
4.06195
4.06195
5
5
5
5
5
5
5
5
5
5
5
5
5
5
5
5
5
5
5
5
5
5
5
5
5
5
5
5
5
5
5
5
5
5
5
5
5
5
5
5
5
5
5
5
5
5
3.872
3.872
3.872
3.872
3.872
3.943
3.943
3.943
3.943
3.943
4.1495
4.3165
4.3165
4.3165
4.3165
4.208
4.208
4.208
4.208
4.208
4.2035
4.2035
4.2035
4.268
4.269
4.269
4.269
4.133
3.996
3.996
3.996
3.996
3.8325
3.9145
3.9145
3.9145
3.9145
3.9145
3.669
3.522
3.414
3.414
3.453
3.453
3.453
3.453
3.453
3.453
3.3965
3.23195
4.06195
4.06195
4.06195
5
5
5
5
5
5
5
5
5
5
5
5
5
5
5
5
5
5
5
5
5
5
5
5
5
5
5
5
5
5
5
5
5
5
5
5
5
5
5
5
5
5
5
5
5
5
4.4005
3.872
3.872
3.872
3.872
3.872
3.943
3.943
3.943
3.943
4.356
4.356
4.356
4.356
4.3165
4.3165
4.208
4.208
4.208
4.208
4.208
4.2035
4.2045
4.2045
4.2045
4.2045
4.269
4.133
4.133
3.996
3.996
3.996
3.996
3.8325
3.8325
3.9145
3.669
3.669
3.669
3.669
3.522
3.522
3.414
3.414
3.453
3.453
3.323
3.323
3.323
3.323
3.323
4.06195
5
5
5
5
5
5
5
5
5
5
5
5
5
5
5
5
5
5
5
5
5
5
5
5
5
5
5
5
5
5
5
5
5
5
5
5
5
5
5
5
5
5
5
5
5
5
5
5
3.808
3.808
3.808
3.872
3.872
3.8885
3.8885
3.9595
3.9595
4.166
4.356
4.356
4.356
4.356
4.356
4.3165
4.208
4.208
4.208
4.208
4.208
4.2045
4.2045
4.2045
4.2045
4.2045
4.2045
4.133
4.133
3.996
3.996
3.996
3.996
3.996
3.855
3.855
3.669
3.669
3.669
3.669
3.522
3.522
3.522
3.414
3.193
3.193
3.193
3.193
3.193
3.193
3.193
5
5
5
5
5
5
5
5
5
5
5
5
5
5
5
5
5
5
5
5
5
5
5
5
5
5
5
5
5
5
5
5
5
5
5
5
5
5
5
5
5
5
5
5
5
5
5
5
4.4075
3.808
3.808
3.808
3.8885
3.8885
3.8885
3.8885
3.9595
4.166
4.356
4.356
4.356
4.356
4.356
4.356
4.356
4.208
4.208
4.208
4.208
4.2045
4.2045
4.2045
4.2045
4.2045
4.2045
4.133
4.133
4.133
4.133
3.996
3.996
3.996
4.0185
3.855
3.855
3.669
3.669
3.669
3.669
3.522
3.522
3.522
3.284
3.284
3.193
3.193
3.193
3.193
3.193
3.193
3.193
5
5
5
5
5
5
5
5
5
5
5
5
5
5
5
5
5
5
5
5
5
5
5
5
5
5
5
5
5
4.1303
4.1303
5
5
5
5
4.1443
4.1443
5
5
5
5
5
5
5
5
5
4.4075
4.4075
3.808
3.808
3.808
3.808
3.8885
3.8885
3.8885
4.166
4.166
4.356
4.356
4.356
4.356
4.356
4.356
4.356
4.2475
4.208
4.208
4.2045
4.2045
4.2045
4.2045
4.2045
4.2045
4.2045
4.133
4.133
4.133
4.133
3.996
3.996
4.0185
4.0185
3.855
3.855
3.855
3.669
3.669
3.669
3.522
3.522
3.522
3.284
3.284
3.193
3.193
3.193
3.193
3.193
3.193
3.193
4.13485
5
5
5
5
5
5
5
5
5
5
5
5
5
5
5
5
5
5
5
5
5
5
5
5
5
5
5
5
4.1303
4.1303
4.1303
4.1443
4.1443
4.1443
4.1443
4.1443
4.1443
5
4.19405
4.19405
4.19405
4.19405
4.19405
4.19405
3.60155
3.60155
3.808
3.808
3.808
3.808
3.808
3.8885
3.8885
3.8885
4.166
4.166
4.356
4.356
4.356
4.356
4.356
4.356
4.356
4.356
4.2475
4.208
4.2045
4.2045
4.2045
4.2045
4.2045
4.2045
4.2045
4.133
4.133
4.133
4.173
4.173
4.173
4.0185
4.0185
3.855
3.855
3.855
3.669
3.669
3.522
3.522
3.522
3.284
3.284
3.284
3.193
3.193
3.193
3.193
3.193
3.193
3.193
4.13485
4.13485
4.13485
4.13485
4.13485
4.13485
5
5
5
5
5
5
5
5
5
5
5
5
5
5
5
5
5
5
5
5
5
5
5
4.1303
4.1303
4.1303
3.3383
4.1443
4.1443
4.1443
4.1443
4.1443
3.33835
4.19405
4.19405
4.19405
4.19405
4.19405
3.60155
3.60155
3.60155
3.60155
3.808
3.808
3.808
3.808
3.8885
3.8885
4.166
4.166
4.166
4.356
4.356
4.356
4.356
4.356
4.356
4.356
4.452
4.452
4.2475
4.2045
4.2045
4.2045
4.2045
4.2045
4.2045
4.2045
4.133
4.173
4.173
4.173
4.173
4.173
4.0185
4.0185
3.855
3.855
3.855
3.855
3.669
3.522
3.522
3.522
3.284
3.284
3.284
3.193
3.193
3.3165
3.3165
3.3165
3.3165
3.35485
3.35485
4.13485
4.13485
4.13485
4.13485
4.13485
4.13485
4.07795
4.07795
4.07795
4.07795
4.07795
4.07795
5
5
5
5
5
5
5
5
5
5
5
5
5
4.42
4.42
5
4.1303
3.3243
3.3243
3.3383
3.3383
4.1443
4.1443
4.1443
4.1443
3.4913
3.33835
4.19405
4.19405
4.19405
3.60155
3.60155
3.60155
3.60155
3.60155
3.8255
3.8255
3.808
3.808
3.808
3.8885
4.166
4.166
4.166
4.356
4.356
4.356
4.356
4.356
4.356
4.452
4.452
4.452
4.452
4.2045
4.409
4.409
4.2045
4.2045
4.2045
4.2445
4.173
4.173
4.173
4.173
4.173
4.173
4.2365
4.082
4.082
4.082
3.855
3.855
3.669
3.522
3.522
3.522
3.284
3.284
3.284
3.3165
3.3165
3.3165
3.3165
3.3165
3.3165
3.35485
3.35485
3.35485
4.13485
4.13485
4.13485
4.13485
3.2128
3.2128
4.07795
4.07795
4.07795
4.07795
4.07795
4.07795
5
5
5
5
5
5
5
5
5
5
5
4.42
4.42
4.42
5
4.194
3.3243
3.3383
3.3383
3.3383
3.3383
4.1443
3.4913
3.4913
3.4913
3.4913
3.4913
3.61205
3.61205
3.61205
3.61205
3.60155
3.60155
3.8255
3.8255
3.8255
3.8255
3.8255
3.8255
3.906
4.166
4.166
4.166
4.356
4.356
4.356
4.356
4.356
4.452
4.452
4.452
4.452
4.452
4.409
4.409
4.409
4.409
4.449
4.2445
4.173
4.173
4.173
4.173
4.2365
4.2365
4.2365
4.2365
4.082
4.082
4.082
4.082
4.082
3.831
3.831
3.831
3.522
3.284
3.284
3.3165
3.3165
3.3165
3.3165
3.3165
3.3165
3.3165
3.35485
3.35485
3.35485
3.48735
3.48735
3.48735
3.2128
3.2128
3.2128
3.42195
3.42195
4.07795
4.07795
4.07795
4.07795
4.07795
5
5
5
5
5
5
5
5
5
3.84
3.84
3.84
3.84
3.84
3.614
3.614
3.3383
3.3383
3.3383
3.3383
3.4913
3.4913
3.4913
3.4913
3.4913
3.4913
3.765
3.765
3.61205
3.61205
3.61205
3.836
3.8255
3.8255
3.8255
3.8255
3.8255
3.8255
3.906
3.906
4.166
4.356
4.356
4.356
4.356
4.356
4.452
4.452
4.452
4.452
4.548
4.548
4.409
4.548
4.449
4.449
4.449
4.449
4.449
4.2365
4.2365
4.2365
4.2365
4.2365
4.2365
4.2365
4.2365
4.082
4.082
4.082
4.082
4.017
3.831
3.8935
3.8935
3.8935
3.8935
3.617
3.617
3.617
3.3165
3.3165
3.3165
3.5725
3.35485
3.35485
3.48735
3.48735
3.48735
3.48735
3.48735
3.2128
3.42195
3.42195
3.42195
3.42195
3.42195
3.42195
3.49445
3.49445
4.07795
5
5
5
4.0438
4.0438
4.0438
4.0438
4.42
3.84
3.84
3.84
3.84
3.84
3.614
3.614
3.3383
3.3383
3.3383
3.3383
3.4913
3.4913
3.4913
3.4913
3.4913
3.765
3.765
3.765
3.765
3.61205
3.836
3.836
3.836
3.836
3.8255
3.8255
3.8255
3.8255
3.8255
3.906
3.906
4.356
4.356
4.356
4.356
4.452
4.548
4.548
4.548
4.548
4.548
4.548
4.548
4.548
4.548
4.449
4.449
4.449
4.449
4.2365
4.2365
4.2365
4.2365
4.2365
4.2365
4.2365
4.2365
4.2365
4.082
4.082
4.017
3.8135
3.8135
3.8935
3.8935
3.8935
3.8935
3.617
3.617
3.617
3.617
3.617
3.5725
3.5725
3.5725
3.48735
3.48735
3.48735
3.48735
3.48735
3.48735
3.47885
3.688
3.688
3.688
3.42195
3.42195
3.42195
3.49445
3.49445
3.49445
3.49445
5
4.0438
4.0438
4.0438
4.0438
4.0438
4.42
3.84
3.84
3.84
3.84
3.84
3.614
3.614
3.614
3.3383
3.5618
3.5618
3.5618
3.4913
3.4913
3.4913
3.4913
3.765
3.765
3.765
3.765
3.812
3.836
3.836
3.836
3.836
3.836
3.836
3.836
3.8255
3.8255
3.906
3.924
4.114
4.114
4.114
4.548
4.548
4.548
4.548
4.548
4.548
4.548
4.548
4.548
4.548
4.548
4.548
4.449
4.449
4.449
4.2365
4.2365
4.2365
4.2365
4.2365
4.2365
3.887
3.887
3.887
3.887
3.634
3.634
3.8135
3.8135
3.8935
3.8935
3.8935
3.8935
3.8935
3.617
3.617
3.617
3.617
3.5725
3.5725
3.705
3.705
3.705
3.48735
3.48735
3.527
3.527
3.5185
3.688
3.688
3.688
3.688
3.688
3.688
3.7605
3.7605
3.49445
3.49445
3.4603
3.4603
3.4603
4.0438
4.0438
4.0438
3.4638
3.84
3.84
3.84
3.84
3.84
3.614
3.614
3.8375
3.835
3.835
3.835
3.835
3.4913
3.4913
3.4913
3.765
3.765
3.765
3.812
3.812
3.812
3.836
3.836
3.836
3.836
3.836
3.836
3.836
3.836
3.751
3.751
3.924
4.114
4.114
4.21
4.548
4.548
4.548
4.548
4.548
4.548
4.548
4.548
4.548
4.548
4.548
4.548
4.449
4.449
4.2365
4.2365
3.887
3.887
3.887
3.887
3.887
3.887
3.887
3.6425
3.6425
3.634
3.634
3.8135
3.8135
3.8135
3.8935
3.8935
3.8935
3.8935
3.617
3.617
3.617
3.617
3.7915
3.705
3.705
3.705
3.705
3.705
3.527
3.527
3.527
3.5185
3.5185
3.688
3.688
3.688
3.688
3.688
3.7605
3.7605
3.7605
3.7605
3.4603
3.4603
3.4603
4.0438
4.0438
4.0438
3.4638
3.4638
3.84
3.84
3.84
3.84
3.8375
3.8375
3.835
3.835
3.835
3.835
3.835
3.835
3.7645
3.7645
3.765
3.812
3.812
3.812
3.812
3.812
3.836
3.836
3.836
3.836
3.836
3.836
3.836
3.751
3.751
3.769
3.769
3.9415
3.9415
4.21
4.548
4.548
4.548
4.548
4.548
4.548
4.548
4.548
4.548
4.548
4.548
4.548
4.548
4.0995
3.887
3.887
3.887
3.887
3.887
3.887
3.887
3.887
3.6425
3.6425
3.634
3.634
3.634
3.634
3.8135
3.8135
3.8935
3.8935
3.8935
3.8935
3.836
3.836
3.836
3.7915
3.7915
3.7915
3.705
3.705
3.705
3.705
3.527
3.527
3.527
3.527
3.5185
3.688
3.688
3.688
3.688
3.688
3.7605
3.7605
3.7605
3.7605
3.4603
3.4603
3.4603
3.4603
4.0438
4.0438
3.4638
3.4638
3.84
3.894
3.894
3.894
3.894
3.835
3.835
3.835
3.835
3.835
3.835
3.835
3.835
3.8115
3.812
3.812
3.812
3.812
3.812
3.812
3.812
3.836
3.836
3.836
3.836
3.836
3.751
3.751
3.666
3.769
3.9415
3.9415
3.9415
3.9415
4.548
4.548
4.548
4.548
4.548
4.548
4.548
4.548
4.548
4.548
4.548
4.548
4.548
3.7795
3.7795
3.887
3.887
3.887
3.887
3.887
3.6425
3.6425
3.6425
3.6425
3.634
3.634
3.634
3.634
3.8135
3.8135
3.8135
3.8935
3.8935
3.8935
3.836
3.836
3.836
3.7915
3.7915
3.7915
3.705
3.705
3.705
3.705
3.527
3.527
3.527
3.527
3.5185
3.5185
3.688
3.688
3.688
3.7605
3.7605
3.7605
3.7605
3.7605
3.4603
3.4603
3.4603
3.4603
3.4603
4.0438
3.4638
3.5178
3.882
3.882
3.894
3.894
3.8915
3.8915
3.835
3.835
3.835
3.835
3.835
3.835
3.835
3.8115
3.788
3.788
3.788
3.788
3.788
3.812
3.812
3.836
3.836
3.836
3.836
3.666
3.666
3.666
3.666
3.769
3.9415
3.9415
3.9415
3.9415
4.2795
4.548
4.548
4.548
4.548
4.548
4.548
4.548
4.548
4.548
4.548
4.228
4.228
3.7795
3.7795
3.7795
3.7795
3.887
3.887
3.6425
3.6425
3.6425
3.6425
3.769
3.769
3.634
3.634
3.634
3.8135
3.8135
3.8135
3.8935
3.642
3.836
3.836
3.836
3.836
3.7915
3.7915
3.7915
3.705
3.705
3.705
3.705
3.527
3.527
3.527
3.527
3.5185
3.5185
3.5185
3.688
3.688
3.7605
3.7605
3.7605
3.7605
3.538
3.538
3.4603
3.4603
3.4603
3.4603
3.5178
3.5178
3.882
3.882
3.882
3.882
3.8915
3.8915
3.8915
3.8915
3.835
3.835
3.835
3.835
3.835
3.7985
3.8115
3.788
3.788
3.788
3.788
3.788
3.788
3.788
3.812
3.812
3.727
3.666
3.666
3.666
3.666
3.666
3.769
3.9415
3.9415
3.9415
3.9415
4.2795
4.2795
4.548
4.548
4.548
4.548
4.548
4.548
4.548
4.3325
4.3325
4.228
4.228
3.7795
3.7795
3.7795
3.7795
3.7795
3.7775
3.7775
3.7775
3.7775
3.904
3.769
3.769
3.634
3.634
3.634
3.562
3.562
3.562
3.562
3.642
3.642
3.836
3.836
3.836
3.7915
3.7915
3.7915
3.705
3.705
3.705
3.705
3.527
3.527
3.527
3.527
3.5185
3.5185
3.7445
3.7445
3.4655
3.4655
3.4655
3.4655
3.243
3.243
3.538
3.538
3.538
3.538
3.4603
3.882
3.882
3.882
3.882
3.882
3.882
3.882
3.8915
3.8915
3.8915
3.8915
3.835
3.835
3.835
3.7985
3.7985
3.7985
3.788
3.788
3.788
3.788
3.788
3.788
3.788
3.727
3.727
3.727
3.666
3.666
3.666
3.666
3.666
3.769
3.9415
3.9415
3.9415
3.9415
4.2795
4.2795
4.2795
4.2795
4.548
4.548
4.3325
4.3325
4.3325
4.3325
4.3325
4.228
4.0125
3.7795
3.7795
3.7795
3.7795
3.7795
3.7775
3.7775
3.7775
3.904
3.904
3.904
3.904
3.904
3.769
3.562
3.562
3.562
3.562
3.562
3.642
3.642
3.836
3.836
3.7335
3.7335
3.7335
3.7335
3.7335
3.647
3.647
3.647
3.527
3.527
3.527
3.7355
3.7355
3.7355
3.7445
3.7445
3.4655
3.4655
3.4655
3.243
3.243
3.243
3.243
3.243
3.243
3.243
3.4465
3.733
3.882
3.882
3.882
3.882
3.882
3.882
3.8915
3.8915
3.8915
3.8915
3.8915
3.7985
3.7985
3.7985
3.7985
3.7985
3.775
3.788
3.788
3.788
3.788
3.788
3.788
3.727
3.727
3.666
3.666
3.666
3.666
3.666
3.666
3.9415
3.9415
3.9415
3.9415
3.9415
4.2795
4.2795
4.2795
4.2795
4.3325
4.3325
4.3325
4.3325
4.3325
4.117
4.117
4.0125
4.0125
3.8395
3.8395
3.7795
3.7795
3.7795
3.7775
3.7775
3.7775
3.904
3.904
3.904
3.904
3.904
3.769
3.562
3.562
3.562
3.562
3.562
3.562
3.642
3.642
3.7335
3.7335
3.7335
3.7335
3.7335
3.7335
3.647
3.647
3.647
3.753
3.753
3.7355
3.7355
3.7355
3.7355
3.7355
3.7355
3.4565
3.4655
3.243
3.243
3.243
3.243
3.243
3.243
3.243
3.4465
3.4465
3.733
3.733
3.882
3.882
3.882
3.882
3.882
3.8915
3.8915
3.8915
3.8915
3.8915
3.7985
3.7985
3.7985
3.7985
3.7985
3.775
3.775
3.788
3.788
3.788
3.788
3.788
3.727
3.727
3.666
3.666
3.666
3.666
3.666
3.666
3.9415
3.9415
3.9415
3.9415
3.9415
4.011
4.2795
4.2795
4.3325
4.3325
4.3325
4.3325
4.3325
4.117
4.117
4.117
4.0125
4.0125
3.8395
3.8395
3.8395
3.8395
3.8395
3.8395
3.8375
3.8375
3.904
3.904
3.904
3.904
3.904
3.769
3.562
3.562
3.562
3.562
3.562
3.562
3.642
3.5705
3.5705
3.7335
3.7335
3.7335
3.7335
3.7335
3.647
3.647
3.647
3.753
3.7355
3.7355
3.7355
3.7355
3.7355
3.7355
3.7355
3.4565
3.4565
3.243
3.243
3.243
3.243
3.243
3.243
3.4465
3.4465
3.4465
3.733
3.733
3.733
3.882
3.882
3.882
3.882
3.8915
3.8915
3.8915
3.8915
3.911
3.818
3.818
3.818
3.818
3.649
3.649
3.775
3.775
3.788
3.788
3.788
3.788
3.727
3.727
3.666
3.666
3.666
3.666
3.666
3.666
3.9415
3.9415
3.9415
4.011
4.011
4.011
4.011
4.2795
4.3325
4.3325
4.117
4.117
4.117
4.117
4.117
4.117
4.0125
4.0125
3.8395
3.8395
3.8395
3.8395
3.8395
3.8395
3.8375
3.8375
3.8375
3.904
3.904
3.904
3.904
3.904
3.562
3.562
3.562
3.562
3.562
3.562
3.5705
3.5705
3.5705
3.5705
3.5705
3.7335
3.7335
3.7335
3.7335
3.647
3.647
3.67
3.7355
3.7355
3.7355
3.7355
3.7355
3.7355
3.4565
3.4565
3.4565
3.243
3.243
3.243
3.243
3.243
3.243
3.4465
3.4465
3.4465
3.733
3.733
3.733
3.733
3.882
3.686
3.686
3.911
3.911
3.911
3.911
3.818
3.818
3.818
3.818
3.818
3.649
3.649
3.649
3.662
3.662
3.662
3.662
3.662
3.727
3.727
3.666
3.666
3.666
3.666
3.666
3.8385
3.9415
4.011
4.011
4.011
4.011
4.011
4.011
4.011
4.117
4.117
4.117
4.117
4.117
4.117
4.117
4.117
4.0125
4.0125
3.8395
3.8395
3.8395
3.8395
3.8395
3.8395
3.8375
3.8375
3.8375
3.8375
3.904
3.904
3.904
3.904
3.6735
3.562
3.562
3.562
3.562
3.593
3.5705
3.5705
3.5705
3.5705
3.5705
3.5705
3.5705
3.5705
3.7335
3.647
3.67
3.67
3.67
3.67
3.7355
3.7355
3.7355
3.7355
3.4565
3.4565
3.4565
3.4565
3.243
3.243
3.243
3.243
3.4465
3.4465
3.4465
3.4465
3.537
3.537
3.537
3.537
3.649
3.649
3.649
3.874
3.874
3.874
3.874
3.818
3.818
3.818
3.818
3.818
3.649
3.536
3.536
3.536
3.536
3.662
3.662
3.662
3.727
3.727
3.666
3.666
3.666
3.666
3.666
3.8385
4.011
4.011
4.011
4.011
4.011
4.011
4.011
4.064
4.117
4.117
4.117
4.117
4.117
4.117
4.117
4.117
4.0125
4.0125
4.0125
3.8395
3.8395
3.8395
3.8395
3.8395
3.8395
3.8375
3.8375
3.8375
3.8375
3.8085
3.8085
3.8085
3.6735
3.6735
3.562
3.562
3.562
3.4155
3.4155
3.5705
3.5705
3.5705
3.5705
3.5705
3.5705
3.5705
3.5705
3.67
3.67
3.67
3.67
3.67
3.67
3.67
3.7355
3.7355
3.5645
3.4565
3.4565
3.4565
3.243
3.243
3.243
3.243
3.4465
3.4465
3.4465
3.65
3.537
3.537
3.537
3.537
3.649
3.649
3.649
3.874
3.874
3.874
3.874
3.874
3.818
3.818
3.705
3.536
3.536
3.536
3.536
3.536
3.536
3.536
3.536
3.662
3.662
3.727
3.666
3.666
3.666
3.666
3.666
4.011
4.011
4.011
4.011
4.011
4.011
4.011
4.011
4.064
4.117
4.117
4.117
4.117
4.117
4.117
4.117
4.117
4.117
4.0125
3.918
3.8395
3.8395
3.8395
3.8395
3.8395
3.8395
3.8375
3.742
3.742
3.742
3.742
3.8085
3.8085
3.8085
3.6735
3.496
3.3845
3.4155
3.4155
3.4155
3.4155
3.5705
3.5705
3.5705
3.5705
3.5705
3.5705
3.5705
3.6625
3.67
3.67
3.67
3.67
3.67
3.67
3.67
3.5645
3.5645
3.5645
3.5645
3.5645
3.8085
3.351
3.243
3.4465
3.4465
3.65
3.65
3.65
3.65
3.537
3.537
3.537
3.649
3.649
3.649
3.874
3.874
3.874
3.874
3.874
3.874
3.7445
3.705
3.536
3.536
3.536
3.536
3.536
3.536
3.536
3.536
3.536
3.662
3.601
3.666
3.666
3.666
3.666
4.011
4.011
4.011
4.011
4.011
4.011
4.011
4.011
4.011
4.064
4.117
4.117
4.117
4.117
4.117
4.117
4.117
4.117
4.117
3.918
3.918
3.918
3.918
3.8395
3.8395
3.8395
3.8395
3.742
3.742
3.742
3.742
3.742
3.742
3.742
3.5905
3.496
3.496
3.496
3.4155
3.4155
3.4155
3.4155
3.4155
3.4155
3.5705
3.5705
3.5705
3.5705
3.6625
3.6625
3.6625
3.67
3.67
3.67
3.67
3.67
3.67
3.5645
3.5645
3.5645
3.5645
3.8085
3.8085
3.8085
3.351
3.8285
3.65
3.65
3.65
3.65
3.65
3.65
3.537
3.537
3.649
3.649
3.649
3.649
3.874
3.874
3.874
3.874
3.7445
3.7445
3.705
3.536
3.536
3.536
3.536
3.536
3.536
3.536
3.536
3.536
3.536
3.734
3.734
3.764
3.764
3.764
3.8875
4.011
4.011
4.011
4.011
4.011
4.011
4.011
4.011
4.064
4.117
4.117
4.117
4.117
4.117
4.117
4.117
4.117
4.0225
3.918
3.918
3.918
3.918
3.918
3.8495
3.8495
3.8495
3.742
3.742
3.742
3.742
3.742
3.742
3.5905
3.5905
3.496
3.496
3.496
3.4155
3.4155
3.4155
3.4155
3.4155
3.4155
3.4155
3.6035
3.6035
3.655
3.655
3.6625
3.6625
3.6625
3.6625
3.67
3.67
3.67
3.67
3.5645
3.5645
3.8085
3.8085
3.8085
3.8085
3.8085
4.0825
3.8285
3.8285
3.65
3.65
3.65
3.65
3.65
3.537
3.537
3.649
3.649
3.649
3.717
3.874
3.874
3.874
3.7445
3.7445
3.7445
3.5755
3.536
3.536
3.536
3.536
3.536
3.536
3.536
3.536
3.536
3.734
3.734
3.734
3.764
3.764
3.764
3.764
3.764
3.8875
4.011
4.011
4.011
4.011
4.011
4.064
3.8975
3.8975
4.117
4.117
4.117
4.117
4.117
4.117
4.0225
3.928
3.928
3.928
3.928
3.928
3.928
3.928
3.928
3.955
3.955
3.742
3.742
3.742
3.742
3.5905
3.5905
3.5905
3.5905
3.496
3.496
3.4155
3.4155
3.4155
3.4155
3.4155
3.4155
3.6035
3.6035
3.6035
3.655
3.655
3.655
3.6625
3.6625
3.6625
3.6625
3.6625
3.67
3.5645
3.5645
3.8085
3.8085
3.8085
3.8085
3.8085
4.0825
4.0825
3.8285
3.8285
3.8285
3.65
3.65
3.65
3.65
3.65
3.537
3.649
3.717
3.717
3.717
3.717
3.717
3.874
3.7445
3.7445
3.615
3.615
3.615
3.536
3.536
3.536
3.536
3.536
3.536
3.536
3.62
3.734
3.734
3.734
3.764
3.764
3.764
3.764
3.764
3.666
3.666
3.666
3.7895
3.7895
3.8445
3.8975
3.8975
3.8975
3.8975
3.8975
4.117
4.117
4.117
